1 28 F 154.5 49.1
2 24 F 158.6 54.1
3 22 F 167 53.6
4 22 F 166 56
5 23 F 168.2 61.4
6 33 M 175 99
7 27 M 184 75.3
8 18 M 187 82.3
9 22 F 162.1 53.6
10 19 F 162 61.7
11 28 M 180 70.4
12 18 M 177.9 81
13 22 F 174.2 58.6
14 19 F 66.5 67.3
15 19 M 181 72.4
16 31 M 176 101.2
17 19 F 173 73.9
18 30 M 165.4 82.9
19 32 F 165 53
20 22 F 167.1 74.8
21 19 M 169 73.9
22 22 M 178.5 80.2
23 24 F 179.6 61.6
24 26 F 174.6 62.5
25 22 F 157 61.6
26 22 M 175.6 66
27 22 M 192.7 85.9
28 22 M 180 91.1
29 26 M 172 78.1
30 22 M 188 84.4